ID процесса	Время выполнения процесса (мс)	ID поставщиков данных
10017	67
10108	56
10165	29
10172	49
10229	20	"10017;10165"
10260	21
10315	39	"10108;10229"
10327	75	10108
10380	29	10165
10409	70	10108
10459	4
10460	42	"10172;10409"
10552	70	10017
10611	92	"10409;10460"
10699	42
10748	2	10611
10799	89	"10611;10699"
10808	91
10869	89
10951	34	"10229;10409"
11013	7	"10327;10459"
11022	39	10260
11091	37
11110	34	10869
11133	39	10229
11155	12
11241	16
11281	21	"10260;10460"
11379	86	10459
11477	25	10315
11562	57	"10611;10799"
11618	94	"11379;11562"
11659	7	10380
11741	98	10165
11790	79	10017
11884	56	11562
11947	52
11973	3	10552
11996	74
12056	78	"10699;11241"
12071	71	"11884;12056"
12125	22	"11996;12056"
12143	85	"11091;11996"
12174	20	10380
12229	99	"10108;12056"
12269	32	11155
12359	34	11133
12456	94	10460
12486	52
12557	35	10748
12562	84
12632	67	11477
12679	21	12125
12730	91	10552
12786	28
12830	75	12269
12878	59
12889	92
12984	82	"10808;11091"
13026	37	12984
13091	41
13140	49	"11022;11884"
13147	61
13155	21	12174
13243	51	12456
13318	19	10799
13365	38
13407	46	"10748;13140"
13419	66
13479	13	10699
13506	20
13587	39
13682	74	"13318;13506"
13770	35	"12486;13682"
13860	30	12830
13865	93	"12174;13587"
13889	16	"11241;12456"
13980	89	10869
14046	13
14121	28
14191	58	11281
14199	30	"10260;11022"
14202	7	13243
14230	69
14269	31	"13770;14202"
14270	79	"10260;10315"
14289	74	12679
14291	10	"11133;12557"
14345	88
14418	28
14501	62	14191
14506	24
14579	41
14641	17
14729	51
14753	15	14579
14810	37	"12125;13026"
14873	44	"12730;13860"
14906	87
14989	59	"13682;13865"
